# List of CPS to download
list_of_cps <- c(
  "cps2007_01s",
  "cps2007_02b",
  "cps2007_03s",
  "cps2007_04b",
  "cps2007_05b",
  "cps2007_06b",
  "cps2007_07b",
  "cps2007_08s",
  "cps2007_09s",
  "cps2007_10s",
  "cps2007_11b",
  "cps2007_12s",
  "cps2008_01s",
  "cps2008_02b",
  "cps2008_03s",
  "cps2008_04b",
  "cps2008_05s",
  "cps2008_06s",
  "cps2008_07b",
  "cps2008_08s",
  "cps2008_09s",
  "cps2008_10s",
  "cps2008_11s",
  "cps2008_12s",
  "cps2009_01s",
  "cps2009_02b",
  "cps2009_03s",
  "cps2009_04b",
  "cps2009_05b",
  "cps2009_06b",
  "cps2009_07b",
  "cps2009_08s",
  "cps2009_09s",
  "cps2009_10s",
  "cps2009_11s",
  "cps2009_12s",
  "cps2010_01s",
  "cps2010_02b",
  "cps2010_03s",
  "cps2010_04b",
  "cps2010_05s",
  "cps2010_06s",
  "cps2010_07s",
  "cps2010_08s",
  "cps2010_09s",
  "cps2010_10s",
  "cps2010_11s",
  "cps2010_12s",
  "cps2011_01s",
  "cps2011_02b",
  "cps2011_03s",
  "cps2011_04b",
  "cps2011_05s",
  "cps2011_06s",
  "cps2011_07s",
  "cps2011_08s",
  "cps2011_09s",
  "cps2011_10s",
  "cps2011_11s",
  "cps2011_12s",
  "cps2012_01s",
  "cps2012_02b",
  "cps2012_03s",
  "cps2012_04b",
  "cps2012_05s",
  "cps2012_06s",
  "cps2012_07s",
  "cps2012_08s",
  "cps2012_09s",
  "cps2012_10s",
  "cps2012_11s",
  "cps2012_12s",
  "cps2013_01b",
  "cps2013_02s",
  "cps2013_03s",
  "cps2013_04b",
  "cps2013_05b",
  "cps2013_06s",
  "cps2013_07s",
  "cps2013_08s",
  "cps2013_09s",
  "cps2013_10s",
  "cps2013_11s",
  "cps2013_12s",
  "cps2014_01s",
  "cps2014_02s",
  "cps2014_03s",
  "cps2014_04b",
  "cps2014_05b",
  "cps2014_06s",
  "cps2014_07s",
  "cps2014_08s",
  "cps2014_09s",
  "cps2014_10s",
  "cps2014_11s",
  "cps2014_12s",
  "cps2015_01s",
  "cps2015_02s",
  "cps2015_03s",
  "cps2015_04b",
  "cps2015_05s",
  "cps2015_06s",
  "cps2015_07s",
  "cps2015_08s",
  "cps2015_09s",
  "cps2015_10s",
  "cps2015_11b",
  "cps2015_12s",
  "cps2016_01s",
  "cps2016_02s",
  "cps2016_03s",
  "cps2016_04b",
  "cps2016_05b",
  "cps2016_06s",
  "cps2016_07b",
  "cps2016_08s",
  "cps2016_09s",
  "cps2016_10s",
  "cps2016_11s",
  "cps2016_12s",
  "cps2017_01b",
  "cps2017_02s",
  "cps2017_03s",
  "cps2017_04b",
  "cps2017_05s",
  "cps2017_06s",
  "cps2017_07s",
  "cps2017_08s",
  "cps2017_09s",
  "cps2017_10s",
  "cps2017_11s",
  "cps2017_12s",
  "cps2018_01s",
  "cps2018_02s",
  "cps2018_03s",
  "cps2018_04b",
  "cps2018_05s",
  "cps2018_06s",
  "cps2018_07s",
  "cps2018_08s",
  "cps2018_09s",
  "cps2018_10s",
  "cps2018_11s",
  "cps2018_12s",
  "cps2019_01s",
  "cps2019_02s",
  "cps2019_03s",
  "cps2019_04b",
  "cps2019_05s",
  "cps2019_06s",
  "cps2019_07s",
  "cps2019_08s",
  "cps2019_09s",
  "cps2019_10s",
  "cps2019_11s",
  "cps2019_12s",
  "cps2020_01s",
  "cps2020_02s",
  "cps2020_03s",
  "cps2020_04b",
  "cps2020_05b",
  "cps2020_06s",
  "cps2020_07b",
  "cps2020_08s",
  "cps2020_09b",
  "cps2020_10s",
  "cps2020_11s",
  "cps2020_12s",
  "cps2021_01b",
  "cps2021_02s",
  "cps2021_03s",
  "cps2021_04b",
  "cps2021_05b",
  "cps2021_06s",
  "cps2021_07s",
  "cps2021_08s",
  "cps2021_09s",
  "cps2021_10s",
  "cps2021_11s",
  "cps2021_12s",
  "cps2022_01s",
  "cps2022_02s",
  "cps2022_03s",
  "cps2022_04s",
  "cps2022_05s",
  "cps2022_06s",
  "cps2022_07s",
  "cps2022_08s",
  "cps2022_09s",
  "cps2022_10s",
  "cps2022_11s",
  "cps2022_12s"
)
